odometer:
  srw: 1
  std: [0.1, 0.1, 0.1]
  isuseodo: true
is_make_outputdir: true
initlength: 1
outputpath: !<!> /home/divenire/0_myWorkSpace/Divenire_ws/UESTC_papers/chapter3/ic-viwo_ws/src/IC-GVINS/results
imudatarate: 100
odolever: [-0.07, 0, -1.7]
wheeldatarate: 100
sequencepath: !<!> /home/divenire/0_myWorkSpace/Datasets/complex_urban/urban38/urban38-pankyo
imagedatarate: 10
gnssdatarate: 1
iswithearth: true
antlever: [-0.37, 0.008, 0.353]
gnssoutagetime: 364461.5
bodyangle: [0, 0, 0]
isusegnssoutage: true
imumodel:
  arw: 0.2
  gbstd: 10.0
  vrw: 0.5
  abstd: 150.0
  corrtime: 1.0
gnssthreshold: 3
is_use_visualization: true
track_check_histogram: false
track_min_parallax: 15
track_max_interval: 0.5
track_max_features: 200
reprojection_error_std: 1.5
optimize_windows_size: 10
optimize_num_iterations: 20
optimize_estimate_extrinsic: true
optimize_estimate_td: true
cam0:
  distortion: [-5.0040485799999999e-02, 1.2001217170000000e-01, -6.2598060000000004e-04, -1.1825064000000000e-03, -6.3505207999999994e-02]
  intrinsic: [8.1640221474060002e+02, 8.1738388562809996e+02, 6.0882658427579997e+02, 2.6668865652440002e+02, -2.3882017757999998e+00]
  q_b_c: [0.49452151768306785, 0.4977818081111032, 0.5055845943507494, 0.5020417891144757]
  t_b_c: [1.71239, -0.247401, 0.11589]
  resolution: [1280, 560]
  td_b_c: 0.0