sequencepath: /run/timeshift/backup/Datasets/complex_urban/urban38/urban38-pankyo
outputpath: /home/divenire/0_myWorkSpace/Divenire_ws/workingProgram/icgvins_ws/src/IC-GVINS/results
is_make_outputdir: true
initlength: 1
imudatarate: 100
wheeldatarate: 100
imagedatarate: 10
gnssdatarate: 1
iswithearth: true
antlever: [-0.37, 0.008, 0.353]
odolever: [-0.07, 0, -1.7]
bodyangle: [0, 0, 0]
odometer:
  isuseodo: true
  std: [0.1, 0.1, 0.1]
  srw: 100
imumodel:
  arw: 0.3
  vrw: 0.4
  gbstd: 10.0
  abstd: 150.0
  corrtime: 1.0
isusegnssoutage: true
gnssoutagetime: 364461.5
gnssthreshold: 5
is_use_visualization: true
track_check_histogram: false
track_min_parallax: 20
track_max_interval: 0.5
track_max_features: 200
reprojection_error_std: 1.5
optimize_windows_size: 15
optimize_num_iterations: 20
optimize_estimate_extrinsic: false
optimize_estimate_td: true
cam0:
  intrinsic: [8.1640221474060002e+02, 8.1738388562809996e+02, 6.0882658427579997e+02, 2.6668865652440002e+02, -2.3882017757999998e+00]
  distortion: [-5.0040485799999999e-02, 1.2001217170000000e-01, -6.2598060000000004e-04, -1.1825064000000000e-03, -6.3505207999999994e-02]
  resolution: [1280, 560]
  q_b_c: [0.49452151768306785, 0.4977818081111032, 0.5055845943507494, 0.5020417891144757]
  t_b_c: [1.71239, -0.247401, 0.11589]
  td_b_c: 0.0